-3.185972774E+02	 6.516666870E+02
-3.134442781E+02	 6.490000000E+02
-3.082939035E+02	 6.490000000E+02
-3.031461533E+02	 6.526666870E+02
-2.980010270E+02	 6.510000000E+02
-2.928585244E+02	 6.523333130E+02
-2.877186450E+02	 6.536666870E+02
-2.825813884E+02	 6.496666870E+02
-2.774467542E+02	 6.523333130E+02
-2.723147420E+02	 6.503333130E+02
-2.671853515E+02	 6.493333130E+02
-2.620585821E+02	 6.496666870E+02
-2.569344334E+02	 6.516666870E+02
-2.518129050E+02	 6.480000000E+02
-2.466939965E+02	 6.506666870E+02
-2.415777073E+02	 6.510000000E+02
-2.364640370E+02	 6.493333130E+02
-2.313529851E+02	 6.493333130E+02
-2.262445512E+02	 6.483333130E+02
-2.211387346E+02	 6.483333130E+02
-2.160355350E+02	 6.486666870E+02
-2.109349519E+02	 6.513333130E+02
-2.058369846E+02	 6.500000000E+02
-2.007416326E+02	 6.506666870E+02
-1.956488955E+02	 6.490000000E+02
-1.905587726E+02	 6.493333130E+02
-1.854712635E+02	 6.493333130E+02
-1.803863675E+02	 6.503333130E+02
-1.753040840E+02	 6.513333130E+02
-1.702244126E+02	 6.496666870E+02
-1.651473526E+02	 6.486666870E+02
-1.600729034E+02	 6.503333130E+02
-1.550010644E+02	 6.510000000E+02
-1.499318350E+02	 6.500000000E+02
-1.448652146E+02	 6.483333130E+02
-1.398012025E+02	 6.493333130E+02
-1.347397982E+02	 6.503333130E+02
-1.296810009E+02	 6.503333130E+02
-1.246248101E+02	 6.473333130E+02
-1.195712250E+02	 6.493333130E+02
-1.145202450E+02	 6.503333130E+02
-1.094718695E+02	 6.520000000E+02
-1.044260977E+02	 6.476666870E+02
-9.938292891E+01	 6.496666870E+02
-9.434236252E+01	 6.500000000E+02
-8.930439778E+01	 6.513333130E+02
-8.426903399E+01	 6.500000000E+02
-7.923627043E+01	 6.496666870E+02
-7.420610637E+01	 6.480000000E+02
-6.917854108E+01	 6.510000000E+02
-6.415357382E+01	 6.483333130E+02
-5.913120384E+01	 6.506666870E+02
-5.411143040E+01	 6.470000000E+02
-4.909425271E+01	 6.503333130E+02
-4.407967003E+01	 6.503333130E+02
-3.906768157E+01	 6.486666870E+02
-3.405828655E+01	 6.496666870E+02
-2.905148418E+01	 6.483333130E+02
-2.404727366E+01	 6.480000000E+02
-1.904565419E+01	 6.493333130E+02
-1.404662496E+01	 6.483333130E+02
-9.050185159E+00	 6.520000000E+02
-4.056333953E+00	 6.533333130E+02
 9.349294846E-01	 6.936666870E+02
 5.923605991E+00	 6.853333130E+02
 1.090969641E+01	 6.516666870E+02
 1.589320160E+01	 6.486666870E+02
 2.087412240E+01	 6.513333130E+02
 2.585245969E+01	 6.480000000E+02
 3.082821434E+01	 6.486666870E+02
 3.580138722E+01	 6.513333130E+02
 4.077197922E+01	 6.496666870E+02
 4.573999122E+01	 6.496666870E+02
 5.070542413E+01	 6.483333130E+02
 5.566827884E+01	 6.510000000E+02
 6.062855626E+01	 6.553333130E+02
 6.558625732E+01	 6.596666870E+02
 7.054138292E+01	 7.133333130E+02
 7.549393401E+01	 7.570000000E+02
 8.044391150E+01	 7.676666870E+02
 8.539131635E+01	 7.733333130E+02
 9.033614950E+01	 7.700000000E+02
 9.527841191E+01	 7.760000000E+02
 1.002181045E+02	 7.716666870E+02
 1.051552283E+02	 7.700000000E+02
 1.100897842E+02	 7.710000000E+02
 1.150217733E+02	 7.766666870E+02
 1.199511964E+02	 7.826666870E+02
 1.248780547E+02	 7.860000000E+02
 1.298023490E+02	 7.803333130E+02
 1.347240804E+02	 7.806666870E+02
 1.396432499E+02	 7.833333130E+02
 1.445598585E+02	 7.910000000E+02
 1.494739073E+02	 7.893333130E+02
 1.543853971E+02	 7.920000000E+02
 1.592943292E+02	 7.996666870E+02
 1.642007044E+02	 7.960000000E+02
 1.691045239E+02	 8.013333130E+02
 1.740057887E+02	 8.086666870E+02
 1.789044998E+02	 8.080000000E+02
 1.838006583E+02	 8.003333130E+02
 1.886942653E+02	 7.953333130E+02
 1.935853218E+02	 8.020000000E+02
 1.984738288E+02	 8.110000000E+02
 2.033597876E+02	 8.250000000E+02
 2.082431991E+02	 8.333333130E+02
 2.131240645E+02	 8.500000000E+02
 2.180023848E+02	 9.016666870E+02
 2.228781611E+02	 1.116666626E+03
 2.277513946E+02	 1.523000000E+03
 2.326220864E+02	 1.411333374E+03
 2.374902375E+02	 1.109333374E+03
 2.423558491E+02	 1.034333374E+03
 2.472189223E+02	 1.094333374E+03
 2.520794582E+02	 1.049333374E+03
 2.569374580E+02	 9.676666870E+02
 2.617929229E+02	 9.186666870E+02
 2.666458538E+02	 9.146666870E+02
 2.714962521E+02	 9.486666870E+02
 2.763441189E+02	 1.022000000E+03
 2.811894553E+02	 1.139333374E+03
 2.860322625E+02	 1.378666626E+03
 2.908725416E+02	 1.757666626E+03
 2.957102938E+02	 2.009000000E+03
 3.005455204E+02	 1.789666626E+03
 3.053782224E+02	 1.474333374E+03
 3.102084012E+02	 1.267666626E+03
 3.150360578E+02	 1.135333374E+03
 3.198611934E+02	 1.025666626E+03
 3.246838094E+02	 9.606666870E+02
 3.295039068E+02	 9.143333130E+02
 3.343214869E+02	 8.906666870E+02
 3.391365509E+02	 8.690000000E+02
 3.439491000E+02	 8.526666870E+02
 3.487591355E+02	 8.523333130E+02
 3.535666585E+02	 8.490000000E+02
 3.583716704E+02	 8.616666870E+02
 3.631741723E+02	 8.640000000E+02
 3.679741655E+02	 8.636666870E+02
 3.727716512E+02	 8.833333130E+02
 3.775666307E+02	 8.953333130E+02
 3.823591053E+02	 9.260000000E+02
 3.871490761E+02	 9.166666870E+02
 3.919365445E+02	 9.293333130E+02
 3.967215117E+02	 9.343333130E+02
 4.015039791E+02	 9.766666870E+02
 4.062839478E+02	 1.051666626E+03
 4.110614191E+02	 1.169666626E+03
 4.158363944E+02	 1.235666626E+03
 4.206088749E+02	 1.240000000E+03
 4.253788620E+02	 1.155666626E+03
 4.301463568E+02	 1.052000000E+03
 4.349113608E+02	 9.763333130E+02
 4.396738752E+02	 9.266666870E+02
 4.444339013E+02	 8.926666870E+02
 4.491914404E+02	 8.683333130E+02
 4.539464939E+02	 8.806666870E+02
 4.586990630E+02	 8.763333130E+02
 4.634491492E+02	 8.786666870E+02
 4.681967536E+02	 8.770000000E+02
 4.729418777E+02	 8.953333130E+02
 4.776845228E+02	 9.070000000E+02
 4.824246902E+02	 9.120000000E+02
 4.871623813E+02	 9.260000000E+02
 4.918975974E+02	 9.576666870E+02
 4.966303398E+02	 9.800000000E+02
 5.013606100E+02	 1.020333313E+03
 5.060884092E+02	 1.031333374E+03
 5.108137388E+02	 1.031333374E+03
 5.155366002E+02	 1.007333313E+03
 5.202569947E+02	 9.713333130E+02
 5.249749238E+02	 9.470000000E+02
 5.296903888E+02	 9.193333130E+02
 5.344033910E+02	 9.113333130E+02
 5.391139319E+02	 8.986666870E+02
 5.438220128E+02	 9.016666870E+02
 5.485276351E+02	 9.063333130E+02
 5.532308003E+02	 8.990000000E+02
 5.579315096E+02	 8.980000000E+02
 5.626297645E+02	 8.933333130E+02
 5.673255665E+02	 8.983333130E+02
 5.720189168E+02	 9.110000000E+02
 5.767098169E+02	 9.180000000E+02
 5.813982683E+02	 9.400000000E+02
 5.860842723E+02	 9.243333130E+02
 5.907678303E+02	 9.576666870E+02
 5.954489438E+02	 9.680000000E+02
 6.001276141E+02	 9.973333130E+02
 6.048038428E+02	 1.030333374E+03
 6.094776312E+02	 1.073000000E+03
 6.141489807E+02	 1.117000000E+03
 6.188178929E+02	 1.168333374E+03
 6.234843691E+02	 1.211000000E+03
 6.281484108E+02	 1.228666626E+03
 6.328100193E+02	 1.233000000E+03
 6.374691963E+02	 1.241333374E+03
 6.421259430E+02	 1.242000000E+03
 6.467802610E+02	 1.252000000E+03
 6.514321518E+02	 1.302000000E+03
 6.560816166E+02	 1.376333374E+03
 6.607286572E+02	 1.473000000E+03
 6.653732748E+02	 1.538333374E+03
 6.700154709E+02	 1.615666626E+03
 6.746552471E+02	 1.613333374E+03
 6.792926048E+02	 1.575000000E+03
 6.839275454E+02	 1.482333374E+03
 6.885600704E+02	 1.404666626E+03
 6.931901814E+02	 1.305666626E+03
 6.978178798E+02	 1.220333374E+03
 7.024431671E+02	 1.162333374E+03
 7.070660447E+02	 1.113666626E+03
 7.116865141E+02	 1.086333374E+03
 7.163045769E+02	 1.019333313E+03
 7.209202346E+02	 1.024666626E+03
 7.255334886E+02	 1.006000000E+03
 7.301443404E+02	 9.763333130E+02
 7.347527915E+02	 9.686666870E+02
 7.393588434E+02	 9.496666870E+02
 7.439624977E+02	 9.386666870E+02
 7.485637559E+02	 9.303333130E+02
 7.531626193E+02	 9.120000000E+02
 7.577590897E+02	 9.186666870E+02
 7.623531684E+02	 9.013333130E+02
 7.669448570E+02	 9.100000000E+02
 7.715341570E+02	 8.976666870E+02
 7.761210699E+02	 9.023333130E+02
 7.807055973E+02	 9.003333130E+02
 7.852877407E+02	 9.063333130E+02
 7.898675016E+02	 8.973333130E+02
 7.944448815E+02	 9.066666870E+02
 7.990198820E+02	 9.043333130E+02
 8.035925046E+02	 9.180000000E+02
 8.081627508E+02	 9.236666870E+02
 8.127306222E+02	 9.373333130E+02
 8.172961203E+02	 9.410000000E+02
 8.218592466E+02	 9.436666870E+02
 8.264200028E+02	 9.586666870E+02
 8.309783902E+02	 9.570000000E+02
 8.355344106E+02	 9.536666870E+02
 8.400880654E+02	 9.473333130E+02
 8.446393562E+02	 9.506666870E+02
 8.491882846E+02	 9.486666870E+02
 8.537348520E+02	 9.436666870E+02
 8.582790601E+02	 9.233333130E+02
 8.628209104E+02	 9.210000000E+02
 8.673604045E+02	 9.210000000E+02
 8.718975439E+02	 9.226666870E+02
 8.764323302E+02	 9.150000000E+02
 8.809647650E+02	 9.206666870E+02
 8.854948498E+02	 9.073333130E+02
 8.900225862E+02	 9.183333130E+02
 8.945479757E+02	 9.210000000E+02
 8.990710201E+02	 9.136666870E+02
 9.035917207E+02	 9.226666870E+02
 9.081100792E+02	 9.256666870E+02
 9.126260972E+02	 9.376666870E+02
 9.171397763E+02	 9.450000000E+02
 9.216511179E+02	 9.366666870E+02
 9.261601238E+02	 9.296666870E+02
 9.306667955E+02	 9.470000000E+02
 9.351711345E+02	 9.523333130E+02
 9.396731426E+02	 9.470000000E+02
 9.441728212E+02	 9.496666870E+02
 9.486701719E+02	 9.526666870E+02
 9.531651963E+02	 9.563333130E+02
 9.576578961E+02	 9.560000000E+02
 9.621482728E+02	 9.643333130E+02
 9.666363280E+02	 9.603333130E+02
 9.711220634E+02	 9.703333130E+02
 9.756054804E+02	 9.646666870E+02
 9.800865808E+02	 9.816666870E+02
 9.845653660E+02	 9.716666870E+02
 9.890418378E+02	 9.710000000E+02
 9.935159977E+02	 9.726666870E+02
 9.979878473E+02	 9.586666870E+02
 1.002457388E+03	 9.570000000E+02
 1.006924622E+03	 9.630000000E+02
 1.011389550E+03	 9.783333130E+02
 1.015852175E+03	 9.880000000E+02
 1.020312497E+03	 9.906666870E+02
 1.024770519E+03	 9.866666870E+02
 1.029226242E+03	 1.010333313E+03
 1.033679667E+03	 1.027000000E+03
 1.038130796E+03	 1.034333374E+03
 1.042579632E+03	 1.049666626E+03
 1.047026174E+03	 1.079666626E+03
 1.051470426E+03	 1.092000000E+03
 1.055912389E+03	 1.098333374E+03
 1.060352064E+03	 1.094333374E+03
 1.064789452E+03	 1.110000000E+03
 1.069224556E+03	 1.104666626E+03
 1.073657378E+03	 1.123333374E+03
 1.078087918E+03	 1.138000000E+03
 1.082516179E+03	 1.117666626E+03
 1.086942161E+03	 1.138000000E+03
 1.091365868E+03	 1.131000000E+03
 1.095787299E+03	 1.129333374E+03
 1.100206458E+03	 1.120000000E+03
 1.104623345E+03	 1.135666626E+03
 1.109037962E+03	 1.135000000E+03
 1.113450312E+03	 1.125666626E+03
 1.117860394E+03	 1.110666626E+03
 1.122268212E+03	 1.118000000E+03
 1.126673766E+03	 1.116000000E+03
 1.131077059E+03	 1.108333374E+03
 1.135478092E+03	 1.099666626E+03
 1.139876866E+03	 1.096666626E+03
 1.144273384E+03	 1.101666626E+03
 1.148667646E+03	 1.110333374E+03
 1.153059655E+03	 1.100000000E+03
 1.157449413E+03	 1.103000000E+03
 1.161836920E+03	 1.105000000E+03
 1.166222178E+03	 1.109000000E+03
 1.170605190E+03	 1.107333374E+03
 1.174985956E+03	 1.133000000E+03
 1.179364479E+03	 1.138000000E+03
 1.183740759E+03	 1.146333374E+03
 1.188114800E+03	 1.158333374E+03
 1.192486601E+03	 1.172000000E+03
 1.196856166E+03	 1.193000000E+03
 1.201223495E+03	 1.201666626E+03
 1.205588591E+03	 1.209000000E+03
 1.209951454E+03	 1.219333374E+03
 1.214312087E+03	 1.242333374E+03
 1.218670491E+03	 1.246000000E+03
 1.223026668E+03	 1.254333374E+03
 1.227380619E+03	 1.273333374E+03
 1.231732347E+03	 1.301000000E+03
 1.236081852E+03	 1.314333374E+03
 1.240429137E+03	 1.333000000E+03
 1.244774202E+03	 1.377666626E+03
 1.249117051E+03	 1.391333374E+03
 1.253457684E+03	 1.426333374E+03
 1.257796102E+03	 1.477333374E+03
 1.262132309E+03	 1.512666626E+03
 1.266466305E+03	 1.573000000E+03
 1.270798092E+03	 1.635666626E+03
 1.275127671E+03	 1.673666626E+03
 1.279455045E+03	 1.772000000E+03
 1.283780214E+03	 1.813666626E+03
 1.288103181E+03	 1.896333374E+03
 1.292423948E+03	 1.953666626E+03
 1.296742515E+03	 2.066000000E+03
 1.301058885E+03	 2.154666748E+03
 1.305373059E+03	 2.272000000E+03
 1.309685039E+03	 2.356000000E+03
 1.313994826E+03	 2.471666748E+03
 1.318302423E+03	 2.577333252E+03
 1.322607830E+03	 2.689000000E+03
 1.326911050E+03	 2.736333252E+03
 1.331212083E+03	 2.744000000E+03
 1.335510933E+03	 2.719000000E+03
 1.339807600E+03	 2.732666748E+03
 1.344102086E+03	 2.661000000E+03
 1.348394393E+03	 2.583666748E+03
 1.352684522E+03	 2.461000000E+03
 1.356972476E+03	 2.361666748E+03
 1.361258254E+03	 2.262333252E+03
 1.365541861E+03	 2.108333252E+03
 1.369823296E+03	 2.000333374E+03
 1.374102562E+03	 1.901000000E+03
 1.378379660E+03	 1.764000000E+03
 1.382654592E+03	 1.714000000E+03
 1.386927360E+03	 1.635333374E+03
 1.391197965E+03	 1.573666626E+03
 1.395466409E+03	 1.506666626E+03
 1.399732694E+03	 1.425666626E+03
 1.403996821E+03	 1.394333374E+03
 1.408258791E+03	 1.363333374E+03
 1.412518607E+03	 1.313000000E+03
 1.416776271E+03	 1.288333374E+03
 1.421031783E+03	 1.252333374E+03
 1.425285146E+03	 1.234666626E+03
 1.429536361E+03	 1.203333374E+03
 1.433785429E+03	 1.202333374E+03
 1.438032354E+03	 1.177666626E+03
 1.442277135E+03	 1.161666626E+03
 1.446519775E+03	 1.145666626E+03
 1.450760275E+03	 1.140000000E+03
 1.454998638E+03	 1.119333374E+03
 1.459234864E+03	 1.103666626E+03
 1.463468956E+03	 1.117333374E+03
 1.467700914E+03	 1.100333374E+03
 1.471930742E+03	 1.095333374E+03
 1.476158439E+03	 1.101333374E+03
 1.480384009E+03	 1.087333374E+03
 1.484607452E+03	 1.070333374E+03
 1.488828771E+03	 1.062333374E+03
 1.493047966E+03	 1.063000000E+03
 1.497265040E+03	 1.070666626E+03
 1.501479994E+03	 1.056666626E+03
 1.505692830E+03	 1.053000000E+03
 1.509903550E+03	 1.051333374E+03
 1.514112154E+03	 1.047000000E+03
 1.518318646E+03	 1.046333374E+03
 1.522523026E+03	 1.044333374E+03
 1.526725296E+03	 1.040000000E+03
 1.530925458E+03	 1.041333374E+03
 1.535123513E+03	 1.023666687E+03
 1.539319463E+03	 1.023666687E+03
 1.543513310E+03	 1.018666687E+03
 1.547705056E+03	 1.021000000E+03
 1.551894701E+03	 1.017000000E+03
 1.556082248E+03	 9.993333130E+02
 1.560267698E+03	 1.016666687E+03
 1.564451053E+03	 1.011666687E+03
 1.568632314E+03	 1.021333313E+03
 1.572811484E+03	 9.850000000E+02
 1.576988563E+03	 1.002666687E+03
 1.581163554E+03	 1.016666687E+03
 1.585336458E+03	 9.890000000E+02
 1.589507277E+03	 9.790000000E+02
 1.593676012E+03	 9.883333130E+02
 1.597842665E+03	 9.883333130E+02
 1.602007238E+03	 9.783333130E+02
 1.606169732E+03	 9.863333130E+02
 1.610330149E+03	 9.756666870E+02
 1.614488491E+03	 9.940000000E+02
 1.618644758E+03	 9.750000000E+02
 1.622798954E+03	 9.793333130E+02
 1.626951079E+03	 9.763333130E+02
 1.631101135E+03	 9.463333130E+02
 1.635249124E+03	 9.650000000E+02
 1.639395047E+03	 9.633333130E+02
 1.643538906E+03	 9.753333130E+02
 1.647680703E+03	 9.680000000E+02
 1.651820439E+03	 9.630000000E+02
 1.655958115E+03	 9.533333130E+02
 1.660093735E+03	 9.563333130E+02
 1.664227298E+03	 9.590000000E+02
 1.668358807E+03	 9.553333130E+02
 1.672488264E+03	 9.586666870E+02
 1.676615669E+03	 9.513333130E+02
 1.680741025E+03	 9.413333130E+02
 1.684864333E+03	 9.576666870E+02
 1.688985596E+03	 9.396666870E+02
 1.693104813E+03	 9.393333130E+02
 1.697221988E+03	 9.453333130E+02
 1.701337121E+03	 9.546666870E+02
 1.705450215E+03	 9.400000000E+02
 1.709561271E+03	 9.483333130E+02
 1.713670290E+03	 9.276666870E+02
 1.717777275E+03	 9.386666870E+02
 1.721882226E+03	 9.403333130E+02
 1.725985145E+03	 9.360000000E+02
 1.730086035E+03	 9.416666870E+02
 1.734184896E+03	 9.440000000E+02
 1.738281731E+03	 9.340000000E+02
 1.742376540E+03	 9.276666870E+02
 1.746469326E+03	 9.383333130E+02
 1.750560090E+03	 9.326666870E+02
 1.754648834E+03	 9.300000000E+02
 1.758735559E+03	 9.240000000E+02
 1.762820267E+03	 9.266666870E+02
 1.766902959E+03	 9.303333130E+02
 1.770983637E+03	 9.293333130E+02
 1.775062303E+03	 9.206666870E+02
 1.779138959E+03	 9.296666870E+02
 1.783213605E+03	 9.196666870E+02
 1.787286244E+03	 9.293333130E+02
 1.791356877E+03	 9.106666870E+02
 1.795425505E+03	 9.320000000E+02
 1.799492131E+03	 9.230000000E+02
 1.803556756E+03	 9.290000000E+02
 1.807619381E+03	 9.326666870E+02
 1.811680009E+03	 9.203333130E+02
 1.815738640E+03	 9.203333130E+02
 1.819795276E+03	 9.246666870E+02
 1.823849919E+03	 9.240000000E+02
 1.827902571E+03	 9.220000000E+02
 1.831953233E+03	 9.223333130E+02
 1.836001906E+03	 9.213333130E+02
 1.840048592E+03	 9.193333130E+02
 1.844093293E+03	 9.263333130E+02
 1.848136011E+03	 9.260000000E+02
 1.852176747E+03	 9.180000000E+02
 1.856215502E+03	 9.256666870E+02
 1.860252278E+03	 9.233333130E+02
 1.864287077E+03	 9.296666870E+02
 1.868319900E+03	 9.310000000E+02
 1.872350749E+03	 9.203333130E+02
 1.876379625E+03	 9.283333130E+02
 1.880406531E+03	 9.210000000E+02
 1.884431467E+03	 9.160000000E+02
 1.888454435E+03	 9.273333130E+02
 1.892475437E+03	 9.256666870E+02
 1.896494474E+03	 9.250000000E+02
 1.900511548E+03	 9.276666870E+02
 1.904526660E+03	 9.233333130E+02
 1.908539813E+03	 9.296666870E+02
 1.912551007E+03	 9.303333130E+02
 1.916560244E+03	 9.250000000E+02
 1.920567525E+03	 9.163333130E+02
 1.924572853E+03	 9.210000000E+02
 1.928576229E+03	 9.200000000E+02
 1.932577654E+03	 9.236666870E+02
 1.936577130E+03	 9.376666870E+02
 1.940574658E+03	 9.170000000E+02
 1.944570241E+03	 9.256666870E+02
 1.948563879E+03	 9.340000000E+02
 1.952555574E+03	 9.296666870E+02
 1.956545328E+03	 9.370000000E+02
 1.960533142E+03	 9.326666870E+02
 1.964519018E+03	 9.240000000E+02
 1.968502957E+03	 9.370000000E+02
 1.972484961E+03	 9.280000000E+02
 1.976465031E+03	 9.463333130E+02
 1.980443169E+03	 9.380000000E+02
 1.984419377E+03	 9.266666870E+02
 1.988393656E+03	 9.460000000E+02
 1.992366007E+03	 9.306666870E+02
 1.996336433E+03	 9.346666870E+02
 2.000304934E+03	 9.366666870E+02
 2.004271512E+03	 9.263333130E+02
 2.008236169E+03	 9.336666870E+02
 2.012198906E+03	 9.406666870E+02
 2.016159725E+03	 9.286666870E+02
 2.020118628E+03	 9.400000000E+02
 2.024075615E+03	 9.243333130E+02
 2.028030688E+03	 9.380000000E+02
 2.031983849E+03	 9.286666870E+02
 2.035935100E+03	 9.420000000E+02
 2.039884442E+03	 9.320000000E+02
 2.043831876E+03	 9.283333130E+02
 2.047777404E+03	 9.260000000E+02
 2.051721027E+03	 9.310000000E+02
 2.055662748E+03	 9.156666870E+02
 2.059602567E+03	 9.316666870E+02
 2.063540486E+03	 9.343333130E+02
 2.067476506E+03	 9.270000000E+02
 2.071410630E+03	 9.156666870E+02
 2.075342858E+03	 9.236666870E+02
 2.079273192E+03	 9.270000000E+02
 2.083201633E+03	 9.166666870E+02
 2.087128184E+03	 9.283333130E+02
 2.091052845E+03	 9.256666870E+02
 2.094975619E+03	 9.286666870E+02
 2.098896506E+03	 9.263333130E+02
 2.102815508E+03	 9.270000000E+02
 2.106732626E+03	 9.316666870E+02
 2.110647863E+03	 9.250000000E+02
 2.114561219E+03	 9.256666870E+02
 2.118472696E+03	 9.326666870E+02
 2.122382295E+03	 9.200000000E+02
 2.126290019E+03	 9.233333130E+02
 2.130195868E+03	 9.270000000E+02
 2.134099844E+03	 9.233333130E+02
 2.138001949E+03	 9.330000000E+02
 2.141902183E+03	 9.223333130E+02
 2.145800549E+03	 9.176666870E+02
 2.149697048E+03	 9.340000000E+02
 2.153591681E+03	 9.286666870E+02
 2.157484450E+03	 9.216666870E+02
 2.161375356E+03	 9.273333130E+02
 2.165264402E+03	 9.263333130E+02
 2.169151587E+03	 9.270000000E+02
 2.173036914E+03	 9.173333130E+02
 2.176920385E+03	 9.206666870E+02
 2.180802000E+03	 9.290000000E+02
 2.184681761E+03	 9.286666870E+02
 2.188559670E+03	 9.216666870E+02
 2.192435728E+03	 9.293333130E+02
 2.196309936E+03	 9.276666870E+02
 2.200182296E+03	 9.260000000E+02
 2.204052810E+03	 9.210000000E+02
 2.207921479E+03	 9.250000000E+02
 2.211788304E+03	 9.226666870E+02
 2.215653287E+03	 9.163333130E+02
 2.219516429E+03	 9.220000000E+02
 2.223377732E+03	 9.176666870E+02
 2.227237197E+03	 9.136666870E+02
 2.231094825E+03	 9.090000000E+02
 2.234950619E+03	 9.290000000E+02
 2.238804579E+03	 9.163333130E+02
 2.242656707E+03	 9.200000000E+02
 2.246507004E+03	 9.176666870E+02
 2.250355472E+03	 9.163333130E+02
 2.254202112E+03	 9.173333130E+02
 2.258046926E+03	 9.143333130E+02
 2.261889915E+03	 9.173333130E+02
 2.265731081E+03	 9.280000000E+02
 2.269570424E+03	 9.200000000E+02
 2.273407947E+03	 9.196666870E+02
 2.277243650E+03	 9.096666870E+02
 2.281077536E+03	 9.183333130E+02
 2.284909605E+03	 9.150000000E+02
 2.288739860E+03	 9.246666870E+02
 2.292568301E+03	 9.150000000E+02
 2.296394929E+03	 9.253333130E+02
 2.300219747E+03	 9.136666870E+02
 2.304042756E+03	 9.233333130E+02
 2.307863957E+03	 9.200000000E+02
 2.311683351E+03	 9.243333130E+02
 2.315500941E+03	 9.030000000E+02
 2.319316726E+03	 9.223333130E+02
 2.323130710E+03	 9.290000000E+02
 2.326942892E+03	 9.183333130E+02
 2.330753275E+03	 9.246666870E+02
 2.334561860E+03	 9.260000000E+02
 2.338368648E+03	 9.143333130E+02
 2.342173641E+03	 9.233333130E+02
 2.345976840E+03	 9.136666870E+02
 2.349778247E+03	 9.133333130E+02
 2.353577862E+03	 9.280000000E+02
 2.357375688E+03	 9.093333130E+02
 2.361171726E+03	 9.243333130E+02
 2.364965976E+03	 9.193333130E+02
 2.368758441E+03	 9.133333130E+02
 2.372549122E+03	 9.230000000E+02
 2.376338020E+03	 9.306666870E+02
 2.380125136E+03	 9.323333130E+02
 2.383910472E+03	 9.193333130E+02
 2.387694030E+03	 9.150000000E+02
 2.391475810E+03	 9.106666870E+02
 2.395255815E+03	 9.300000000E+02
 2.399034045E+03	 9.186666870E+02
 2.402810501E+03	 9.313333130E+02
 2.406585186E+03	 9.333333130E+02
 2.410358100E+03	 9.413333130E+02
 2.414129245E+03	 9.246666870E+02
 2.417898622E+03	 9.423333130E+02
 2.421666233E+03	 9.260000000E+02
 2.425432079E+03	 9.276666870E+02
 2.429196161E+03	 9.340000000E+02
 2.432958480E+03	 9.376666870E+02
 2.436719039E+03	 9.400000000E+02
 2.440477838E+03	 9.300000000E+02
 2.444234879E+03	 9.400000000E+02
 2.447990162E+03	 9.350000000E+02
 2.451743690E+03	 9.270000000E+02
 2.455495464E+03	 9.393333130E+02
 2.459245484E+03	 9.313333130E+02
 2.462993753E+03	 9.293333130E+02
 2.466740272E+03	 9.170000000E+02
 2.470485042E+03	 9.313333130E+02
 2.474228064E+03	 9.336666870E+02
 2.477969339E+03	 9.276666870E+02
 2.481708870E+03	 9.210000000E+02
 2.485446657E+03	 9.283333130E+02
 2.489182702E+03	 9.270000000E+02
 2.492917005E+03	 9.266666870E+02
 2.496649569E+03	 9.196666870E+02
 2.500380395E+03	 9.300000000E+02
 2.504109483E+03	 9.250000000E+02
 2.507836836E+03	 9.350000000E+02
 2.511562454E+03	 9.143333130E+02
 2.515286339E+03	 9.180000000E+02
 2.519008492E+03	 9.273333130E+02
 2.522728915E+03	 9.323333130E+02
 2.526447608E+03	 9.263333130E+02
 2.530164573E+03	 9.333333130E+02
 2.533879812E+03	 9.233333130E+02
 2.537593325E+03	 9.310000000E+02
 2.541305115E+03	 9.156666870E+02
 2.545015181E+03	 9.270000000E+02
 2.548723526E+03	 9.296666870E+02
 2.552430151E+03	 9.296666870E+02
 2.556135057E+03	 9.240000000E+02
 2.559838245E+03	 9.313333130E+02
 2.563539717E+03	 9.316666870E+02
 2.567239474E+03	 9.353333130E+02
 2.570937518E+03	 9.296666870E+02
 2.574633848E+03	 9.343333130E+02
 2.578328468E+03	 9.306666870E+02
 2.582021377E+03	 9.323333130E+02
 2.585712578E+03	 9.410000000E+02
 2.589402071E+03	 9.333333130E+02
 2.593089859E+03	 9.376666870E+02
 2.596775941E+03	 9.396666870E+02
 2.600460320E+03	 9.326666870E+02
 2.604142996E+03	 9.420000000E+02
 2.607823972E+03	 9.350000000E+02
 2.611503247E+03	 9.363333130E+02
 2.615180824E+03	 9.456666870E+02
 2.618856703E+03	 9.470000000E+02
 2.622530887E+03	 9.416666870E+02
 2.626203375E+03	 9.356666870E+02
 2.629874170E+03	 9.380000000E+02
 2.633543273E+03	 9.440000000E+02
 2.637210685E+03	 9.376666870E+02
 2.640876406E+03	 9.490000000E+02
 2.644540440E+03	 9.456666870E+02
 2.648202785E+03	 9.353333130E+02
 2.651863445E+03	 9.406666870E+02
 2.655522420E+03	 9.450000000E+02
 2.659179711E+03	 9.293333130E+02
 2.662835319E+03	 9.320000000E+02
 2.666489246E+03	 9.383333130E+02
 2.670141494E+03	 9.256666870E+02
 2.673792062E+03	 9.440000000E+02
 2.677440953E+03	 9.200000000E+02
 2.681088168E+03	 9.273333130E+02
 2.684733707E+03	 9.180000000E+02
 2.688377573E+03	 9.283333130E+02
 2.692019766E+03	 9.343333130E+02
 2.695660287E+03	 9.126666870E+02
 2.699299138E+03	 9.243333130E+02
 2.702936321E+03	 9.193333130E+02
 2.706571835E+03	 9.026666870E+02
 2.710205682E+03	 9.070000000E+02
 2.713837864E+03	 9.163333130E+02
 2.717468382E+03	 9.053333130E+02
 2.721097237E+03	 9.140000000E+02
 2.724724430E+03	 9.053333130E+02
 2.728349962E+03	 9.093333130E+02
 2.731973835E+03	 8.896666870E+02
 2.735596050E+03	 8.990000000E+02
 2.739216607E+03	 9.043333130E+02
 2.742835508E+03	 8.916666870E+02
 2.746452755E+03	 8.973333130E+02
 2.750068348E+03	 8.856666870E+02
 2.753682289E+03	 9.026666870E+02
 2.757294578E+03	 9.046666870E+02
 2.760905218E+03	 8.953333130E+02
 2.764514209E+03	 8.963333130E+02
 2.768121552E+03	 8.906666870E+02
 2.771727248E+03	 9.006666870E+02
 2.775331299E+03	 8.880000000E+02
 2.778933706E+03	 8.963333130E+02
 2.782534470E+03	 8.916666870E+02
 2.786133592E+03	 8.903333130E+02
 2.789731073E+03	 8.900000000E+02
 2.793326915E+03	 8.840000000E+02
 2.796921118E+03	 8.963333130E+02
 2.800513684E+03	 8.930000000E+02
 2.804104614E+03	 8.850000000E+02
 2.807693909E+03	 8.760000000E+02
 2.811281570E+03	 8.736666870E+02
 2.814867599E+03	 8.820000000E+02
 2.818451996E+03	 8.790000000E+02
 2.822034763E+03	 8.873333130E+02
 2.825615900E+03	 8.776666870E+02
 2.829195409E+03	 8.760000000E+02
 2.832773292E+03	 8.746666870E+02
 2.836349548E+03	 8.800000000E+02
 2.839924180E+03	 8.713333130E+02
 2.843497188E+03	 8.753333130E+02
 2.847068574E+03	 8.746666870E+02
 2.850638338E+03	 8.770000000E+02
 2.854206482E+03	 8.716666870E+02
 2.857773007E+03	 8.746666870E+02
 2.861337915E+03	 8.753333130E+02
 2.864901205E+03	 8.703333130E+02
 2.868462879E+03	 8.740000000E+02
 2.872022939E+03	 8.706666870E+02
 2.875581385E+03	 8.673333130E+02
 2.879138219E+03	 8.680000000E+02
 2.882693442E+03	 8.686666870E+02
 2.886247054E+03	 8.620000000E+02
 2.889799057E+03	 8.646666870E+02
 2.893349452E+03	 8.730000000E+02
 2.896898241E+03	 8.643333130E+02
 2.900445423E+03	 8.743333130E+02
 2.903991001E+03	 8.716666870E+02
 2.907534975E+03	 8.590000000E+02
 2.911077346E+03	 8.603333130E+02
 2.914618116E+03	 8.583333130E+02
 2.918157286E+03	 8.646666870E+02
 2.921694856E+03	 8.680000000E+02
 2.925230828E+03	 8.716666870E+02
 2.928765203E+03	 8.596666870E+02
 2.932297982E+03	 8.703333130E+02
 2.935829166E+03	 8.620000000E+02
 2.939358756E+03	 8.623333130E+02
 2.942886753E+03	 8.663333130E+02
 2.946413158E+03	 8.686666870E+02
 2.949937973E+03	 8.720000000E+02
 2.953461198E+03	 8.643333130E+02
 2.956982834E+03	 8.623333130E+02
 2.960502883E+03	 8.636666870E+02
 2.964021345E+03	 8.556666870E+02
 2.967538222E+03	 8.693333130E+02
 2.971053514E+03	 8.683333130E+02
 2.974567223E+03	 8.650000000E+02
 2.978079350E+03	 8.670000000E+02
 2.981589896E+03	 8.630000000E+02
 2.985098861E+03	 8.540000000E+02
 2.988606247E+03	 8.560000000E+02
 2.992112055E+03	 8.643333130E+02
 2.995616286E+03	 8.590000000E+02
 2.999118941E+03	 8.493333130E+02
 3.002620021E+03	 8.503333130E+02
 3.006119528E+03	 8.540000000E+02
 3.009617461E+03	 8.523333130E+02
 3.013113822E+03	 8.610000000E+02
 3.016608612E+03	 8.570000000E+02
 3.020101833E+03	 8.570000000E+02
 3.023593485E+03	 8.486666870E+02
 3.027083568E+03	 8.500000000E+02
 3.030572085E+03	 8.633333130E+02
 3.034059037E+03	 8.573333130E+02
 3.037544423E+03	 8.430000000E+02
 3.041028246E+03	 8.510000000E+02
 3.044510506E+03	 8.516666870E+02
 3.047991204E+03	 8.493333130E+02
 3.051470342E+03	 8.566666870E+02
 3.054947920E+03	 8.540000000E+02
 3.058423939E+03	 8.443333130E+02
 3.061898400E+03	 8.546666870E+02
 3.065371305E+03	 8.350000000E+02
 3.068842654E+03	 8.436666870E+02
 3.072312448E+03	 8.423333130E+02
 3.075780688E+03	 8.473333130E+02
 3.079247376E+03	 8.423333130E+02
 3.082712512E+03	 8.516666870E+02
 3.086176097E+03	 8.423333130E+02
 3.089638132E+03	 8.546666870E+02
 3.093098618E+03	 8.476666870E+02
 3.096557557E+03	 8.460000000E+02
 3.100014949E+03	 8.453333130E+02
 3.103470795E+03	 8.450000000E+02
 3.106925095E+03	 8.430000000E+02
 3.110377852E+03	 8.416666870E+02
 3.113829066E+03	 8.480000000E+02
 3.117278738E+03	 8.453333130E+02
 3.120726869E+03	 8.516666870E+02
 3.124173460E+03	 8.500000000E+02
 3.127618511E+03	 8.473333130E+02
 3.131062025E+03	 8.473333130E+02
 3.134504001E+03	 8.416666870E+02
 3.137944441E+03	 8.393333130E+02
 3.141383346E+03	 8.433333130E+02
 3.144820716E+03	 8.410000000E+02
 3.148256553E+03	 8.386666870E+02
 3.151690857E+03	 8.380000000E+02
 3.155123630E+03	 8.430000000E+02
 3.158554872E+03	 8.343333130E+02
 3.161984585E+03	 8.363333130E+02
 3.165412769E+03	 8.423333130E+02
 3.168839425E+03	 8.360000000E+02
 3.172264554E+03	 8.410000000E+02
 3.175688158E+03	 8.420000000E+02
 3.179110236E+03	 8.306666870E+02
 3.182530791E+03	 8.330000000E+02
 3.185949822E+03	 8.336666870E+02
 3.189367331E+03	 8.386666870E+02
 3.192783319E+03	 8.290000000E+02
 3.196197786E+03	 8.430000000E+02
 3.199610734E+03	 8.356666870E+02
 3.203022164E+03	 8.360000000E+02
 3.206432075E+03	 8.420000000E+02
 3.209840470E+03	 8.263333130E+02
 3.213247350E+03	 8.350000000E+02
 3.216652714E+03	 8.316666870E+02
 3.220056565E+03	 8.433333130E+02
 3.223458902E+03	 8.283333130E+02
 3.226859727E+03	 8.280000000E+02
 3.230259041E+03	 8.343333130E+02
 3.233656844E+03	 8.400000000E+02
 3.237053139E+03	 8.310000000E+02
 3.240447924E+03	 8.420000000E+02
 3.243841202E+03	 8.233333130E+02
 3.247232973E+03	 8.210000000E+02
 3.250623237E+03	 8.310000000E+02
 3.254011997E+03	 8.363333130E+02
 3.257399253E+03	 8.276666870E+02
 3.260785006E+03	 8.296666870E+02
 3.264169256E+03	 8.250000000E+02
 3.267552004E+03	 8.296666870E+02
 3.270933252E+03	 8.366666870E+02
 3.274313000E+03	 8.246666870E+02
 3.277691249E+03	 8.350000000E+02
 3.281068001E+03	 8.343333130E+02
 3.284443255E+03	 8.346666870E+02
 3.287817012E+03	 8.316666870E+02
 3.291189274E+03	 8.350000000E+02
 3.294560042E+03	 8.176666870E+02
 3.297929316E+03	 8.283333130E+02
 3.301297097E+03	 8.403333130E+02
 3.304663386E+03	 8.296666870E+02
 3.308028184E+03	 8.300000000E+02
 3.311391491E+03	 8.246666870E+02
 3.314753309E+03	 8.413333130E+02
 3.318113639E+03	 8.323333130E+02
 3.321472481E+03	 8.230000000E+02
 3.324829835E+03	 8.293333130E+02
 3.328185704E+03	 8.270000000E+02
 3.331540087E+03	 8.206666870E+02
 3.334892986E+03	 8.303333130E+02
 3.338244402E+03	 8.340000000E+02
 3.341594335E+03	 8.253333130E+02
 3.344942785E+03	 8.280000000E+02
 3.348289755E+03	 8.296666870E+02
 3.351635244E+03	 8.223333130E+02
 3.354979254E+03	 8.340000000E+02
 3.358321786E+03	 8.290000000E+02
 3.361662839E+03	 8.186666870E+02
 3.365002416E+03	 8.253333130E+02
 3.368340516E+03	 8.180000000E+02
 3.371677141E+03	 8.206666870E+02
 3.375012292E+03	 8.246666870E+02
 3.378345969E+03	 8.216666870E+02
 3.381678173E+03	 8.266666870E+02
 3.385008904E+03	 8.256666870E+02
 3.388338165E+03	 8.166666870E+02
 3.391665955E+03	 8.210000000E+02
 3.394992275E+03	 8.283333130E+02
 3.398317127E+03	 8.206666870E+02
 3.401640510E+03	 8.150000000E+02
 3.404962426E+03	 8.140000000E+02
 3.408282875E+03	 8.220000000E+02
 3.411601859E+03	 8.216666870E+02
 3.414919378E+03	 8.170000000E+02
 3.418235433E+03	 8.206666870E+02
 3.421550024E+03	 8.253333130E+02
 3.424863153E+03	 8.263333130E+02
 3.428174820E+03	 8.216666870E+02
 3.431485026E+03	 8.090000000E+02
 3.434793772E+03	 8.203333130E+02
 3.438101058E+03	 8.200000000E+02
 3.441406886E+03	 8.176666870E+02
 3.444711255E+03	 8.220000000E+02
 3.448014168E+03	 8.170000000E+02
 3.451315624E+03	 8.103333130E+02
 3.454615625E+03	 8.166666870E+02
 3.457914170E+03	 8.196666870E+02
 3.461211262E+03	 8.170000000E+02
 3.464506900E+03	 8.170000000E+02
 3.467801086E+03	 8.173333130E+02
 3.471093820E+03	 8.233333130E+02
 3.474385103E+03	 8.170000000E+02
 3.477674935E+03	 8.280000000E+02
 3.480963318E+03	 8.210000000E+02
 3.484250253E+03	 8.126666870E+02
 3.487535739E+03	 8.083333130E+02
 3.490819778E+03	 8.070000000E+02
 3.494102370E+03	 8.230000000E+02
 3.497383516E+03	 8.120000000E+02
 3.500663218E+03	 8.243333130E+02
 3.503941475E+03	 8.206666870E+02
 3.507218288E+03	 8.190000000E+02
 3.510493659E+03	 8.110000000E+02
 3.513767587E+03	 8.033333130E+02
 3.517040074E+03	 8.116666870E+02
 3.520311120E+03	 8.166666870E+02
 3.523580727E+03	 8.086666870E+02
 3.526848894E+03	 8.126666870E+02
 3.530115622E+03	 8.140000000E+02
 3.533380913E+03	 8.210000000E+02
 3.536644767E+03	 8.186666870E+02
 3.539907184E+03	 8.120000000E+02
 3.543168166E+03	 8.200000000E+02
 3.546427712E+03	 8.173333130E+02
 3.549685825E+03	 8.113333130E+02
 3.552942504E+03	 8.170000000E+02
 3.556197750E+03	 8.163333130E+02
 3.559451564E+03	 8.140000000E+02
 3.562703946E+03	 8.063333130E+02
 3.565954898E+03	 8.110000000E+02
 3.569204420E+03	 8.060000000E+02
 3.572452513E+03	 8.030000000E+02
 3.575699177E+03	 8.186666870E+02
 3.578944413E+03	 8.076666870E+02
 3.582188222E+03	 8.116666870E+02
 3.585430604E+03	 8.053333130E+02
 3.588671560E+03	 8.146666870E+02
 3.591911092E+03	 8.070000000E+02
 3.595149199E+03	 8.123333130E+02
 3.598385882E+03	 8.006666870E+02
 3.601621142E+03	 8.136666870E+02
 3.604854979E+03	 8.093333130E+02
 3.608087395E+03	 8.010000000E+02
 3.611318389E+03	 8.076666870E+02
 3.614547964E+03	 8.103333130E+02
 3.617776118E+03	 8.140000000E+02
 3.621002854E+03	 8.110000000E+02
 3.624228171E+03	 8.073333130E+02
 3.627452070E+03	 8.070000000E+02
 3.630674552E+03	 8.073333130E+02
 3.633895618E+03	 8.013333130E+02
 3.637115268E+03	 8.126666870E+02
 3.640333503E+03	 8.053333130E+02
 3.643550324E+03	 8.086666870E+02
 3.646765731E+03	 8.060000000E+02
 3.649979724E+03	 8.070000000E+02
 3.653192306E+03	 8.076666870E+02
 3.656403475E+03	 7.976666870E+02
 3.659613233E+03	 8.033333130E+02
 3.662821581E+03	 8.046666870E+02
 3.666028519E+03	 8.110000000E+02
 3.669234048E+03	 8.020000000E+02
 3.672438168E+03	 8.046666870E+02
 3.675640880E+03	 8.003333130E+02
 3.678842185E+03	 8.120000000E+02
 3.682042083E+03	 8.046666870E+02
 3.685240575E+03	 8.016666870E+02
 3.688437661E+03	 8.040000000E+02
 3.691633343E+03	 8.033333130E+02
 3.694827621E+03	 8.053333130E+02
 3.698020495E+03	 8.016666870E+02
 3.701211966E+03	 7.986666870E+02
 3.704402035E+03	 8.003333130E+02
 3.707590702E+03	 8.016666870E+02
 3.710777969E+03	 8.026666870E+02
 3.713963835E+03	 8.006666870E+02
 3.717148301E+03	 7.983333130E+02
 3.720331367E+03	 8.106666870E+02
 3.723513036E+03	 7.930000000E+02
 3.726693306E+03	 8.013333130E+02
 3.729872179E+03	 8.023333130E+02
 3.733049655E+03	 8.020000000E+02
 3.736225735E+03	 8.010000000E+02
 3.739400420E+03	 7.900000000E+02
 3.742573709E+03	 7.926666870E+02
 3.745745604E+03	 7.953333130E+02
 3.748916106E+03	 7.973333130E+02
 3.752085214E+03	 7.993333130E+02
 3.755252930E+03	 7.946666870E+02
 3.758419253E+03	 7.986666870E+02
 3.761584186E+03	 7.996666870E+02
 3.764747728E+03	 7.953333130E+02
 3.767909879E+03	 7.943333130E+02
 3.771070641E+03	 7.956666870E+02
 3.774230014E+03	 8.066666870E+02
 3.777387998E+03	 7.953333130E+02
 3.780544595E+03	 7.976666870E+02
 3.783699804E+03	 7.970000000E+02
 3.786853626E+03	 8.023333130E+02
 3.790006063E+03	 7.990000000E+02
 3.793157114E+03	 7.983333130E+02
 3.796306780E+03	 7.940000000E+02
 3.799455061E+03	 8.030000000E+02
 3.802601959E+03	 7.960000000E+02
 3.805747473E+03	 7.983333130E+02
